53075
74395
50633
71125
53342
71125
76057
51321
52475
68570
69618
51373
59363
64399
52468
53633
51659
50447
50778
51188
68436
71862
51313
152911
53124
52062
67871
49495
56255
60628
41285
59368
52305
53207
41722
51362
50771
67938
59722
73616
50758
66904
52218
52504
156135
47339
76194
52107
67172
109547
52266
51431
154408
52434
69154
52896
68353
48465
154075
54355
51572
41739
76283
48329
51325
50580
51602
51240
52063
155173
68719
51213
70084
111570
154290
67960
70753
59382
52577
46370
74927
57537
68175
153647
51634
59676
60478
51180
51026
42271
67938
52187
64464
48876
53580
156048
51739
58888
77564
68402
50813
52211
52191
59019
80122
57920
53095
41739
41722
154013
76576
81034
54702
51315
70913
41740
74125
51319
46993
52865
47420
57613
51342
68826
49894
48656
51314
41422
64459
59367
50480
155671
50833
75452
51319
60543
154876
44949
51075
59452
57136
43617
53341
71569
153386
41739
53590
51749
49372
68154
69180
52928
42968
155347
68286
51991
59002
56972
56097
56902
41294
154012
53897
68171
70039
67909
50782
75851
51315
52790
68547
67439
61143
51317
68822
53219
50701
74462
51166
70333
69260
68409
53254
78109
110394
52917
59461
59524
76045
68207
76403
50910
48381
74968
49088
57985
68145
50754
49668
67974
68105
157125
59597
53353
51480
51569
55964